turn	all	all-p	all-t	p-hive	p-hive-l	p-hive-lm	p-hive-m	p-hive-p	p-hive-plm	p-hive-pm	t-hive	t-hive-l	t-hive-lm	t-hive-m	t-hive-p	t-hive-pl	t-hive-plm	t-hive-pm
7	1	0	1	0	0	0	0	0	0	0	0	0	0	0	0	0	1	0
8	0	0	0	0	0	0	0	0	0	0	0	0	0	0	0	0	0	0
9	2	2	0	1	0	0	1	0	0	0	0	0	0	0	0	0	0	0
10	6	6	0	1	0	1	1	0	3	0	0	0	0	0	0	0	0	0
11	12	11	1	1	0	0	7	0	3	0	0	0	0	0	1	0	0	0
12	22	18	4	6	0	4	5	0	3	0	0	0	1	0	2	0	1	0
13	30	23	7	10	1	4	6	1	1	0	4	1	1	0	0	0	1	0
14	57	45	12	14	2	11	10	4	4	0	4	1	3	2	1	0	1	0
15	69	62	7	25	3	16	10	4	4	0	0	1	1	2	2	0	1	0
16	64	54	10	26	2	17	3	4	2	0	5	3	0	2	0	0	0	0
17	73	59	14	24	5	12	6	9	3	0	6	1	2	4	1	0	0	0
18	81	72	9	21	2	18	16	7	8	0	2	2	2	0	1	0	1	1
19	60	55	5	22	5	16	6	2	4	0	2	1	0	0	0	1	1	0
20	76	65	11	30	3	16	9	4	2	1	4	2	1	2	2	0	0	0
21	63	52	11	21	3	12	7	5	4	0	7	2	1	0	0	0	1	0
22	66	58	8	24	0	17	9	5	3	0	3	2	1	1	1	0	0	0
23	43	38	5	16	3	4	6	4	4	1	4	0	0	1	0	0	0	0
24	50	40	10	16	1	3	10	3	6	1	5	0	1	1	1	1	1	0
25	53	42	11	19	1	7	7	4	3	1	1	2	3	1	3	0	1	0
26	32	26	6	11	2	3	7	1	2	0	3	0	2	0	1	0	0	0
27	35	30	5	17	0	2	5	2	4	0	3	0	0	0	2	0	0	0
28	34	29	5	13	2	6	3	2	3	0	2	0	1	1	0	0	1	0
29	29	25	4	12	1	5	4	1	2	0	2	0	0	0	2	0	0	0
30	32	29	3	15	0	7	4	2	1	0	2	0	0	0	1	0	0	0
31	25	23	2	7	0	4	4	6	2	0	1	0	0	0	1	0	0	0
32	17	13	4	4	0	2	1	4	2	0	1	0	0	1	0	0	2	0
33	24	24	0	11	1	2	7	2	1	0	0	0	0	0	0	0	0	0
34	13	13	0	5	2	3	1	2	0	0	0	0	0	0	0	0	0	0
35	26	22	4	13	0	3	3	1	2	0	1	0	1	0	1	0	1	0
36	12	11	1	5	1	2	1	0	1	1	1	0	0	0	0	0	0	0
37	14	13	1	3	0	3	4	1	2	0	1	0	0	0	0	0	0	0
38	10	10	0	4	1	2	1	1	1	0	0	0	0	0	0	0	0	0
39	13	8	5	6	0	0	2	0	0	0	1	0	0	0	4	0	0	0
40	12	10	2	5	0	3	0	2	0	0	2	0	0	0	0	0	0	0
41	4	2	2	1	0	0	0	1	0	0	1	1	0	0	0	0	0	0
42	6	5	1	3	0	0	0	2	0	0	1	0	0	0	0	0	0	0
43	5	5	0	1	1	3	0	0	0	0	0	0	0	0	0	0	0	0
44	5	4	1	3	0	1	0	0	0	0	1	0	0	0	0	0	0	0
45	3	3	0	1	0	1	0	0	1	0	0	0	0	0	0	0	0	0
46	4	3	1	1	0	0	2	0	0	0	1	0	0	0	0	0	0	0
47	8	8	0	2	0	1	3	1	1	0	0	0	0	0	0	0	0	0
48	4	3	1	1	0	0	1	0	0	1	1	0	0	0	0	0	0	0
49	3	1	2	0	0	0	0	1	0	0	1	0	0	1	0	0	0	0
50	3	3	0	0	0	0	2	1	0	0	0	0	0	0	0	0	0	0
51	3	3	0	3	0	0	0	0	0	0	0	0	0	0	0	0	0	0
52	2	2	0	1	0	1	0	0	0	0	0	0	0	0	0	0	0	0
53	2	2	0	0	0	0	2	0	0	0	0	0	0	0	0	0	0	0
54	2	2	0	1	0	0	0	0	1	0	0	0	0	0	0	0	0	0
55	1	1	0	1	0	0	0	0	0	0	0	0	0	0	0	0	0	0
56	2	2	0	1	0	0	1	0	0	0	0	0	0	0	0	0	0	0
57	2	2	0	1	1	0	0	0	0	0	0	0	0	0	0	0	0	0
58	0	0	0	0	0	0	0	0	0	0	0	0	0	0	0	0	0	0
59	2	2	0	1	0	0	0	1	0	0	0	0	0	0	0	0	0	0
60	0	0	0	0	0	0	0	0	0	0	0	0	0	0	0	0	0	0
61	2	2	0	1	0	0	1	0	0	0	0	0	0	0	0	0	0	0
62	1	0	1	0	0	0	0	0	0	0	1	0	0	0	0	0	0	0
63	3	3	0	1	0	1	0	1	0	0	0	0	0	0	0	0	0	0
64	1	1	0	0	0	1	0	0	0	0	0	0	0	0	0	0	0	0
65	2	2	0	2	0	0	0	0	0	0	0	0	0	0	0	0	0	0
66	2	2	0	2	0	0	0	0	0	0	0	0	0	0	0	0	0	0
67	1	1	0	1	0	0	0	0	0	0	0	0	0	0	0	0	0	0
68	0	0	0	0	0	0	0	0	0	0	0	0	0	0	0	0	0	0
69	1	1	0	0	0	0	0	0	1	0	0	0	0	0	0	0	0	0
70	0	0	0	0	0	0	0	0	0	0	0	0	0	0	0	0	0	0
71	0	0	0	0	0	0	0	0	0	0	0	0	0	0	0	0	0	0
72	0	0	0	0	0	0	0	0	0	0	0	0	0	0	0	0	0	0
73	0	0	0	0	0	0	0	0	0	0	0	0	0	0	0	0	0	0
74	0	0	0	0	0	0	0	0	0	0	0	0	0	0	0	0	0	0
75	1	1	0	0	0	0	0	1	0	0	0	0	0	0	0	0	0	0
76	0	0	0	0	0	0	0	0	0	0	0	0	0	0	0	0	0	0
77	0	0	0	0	0	0	0	0	0	0	0	0	0	0	0	0	0	0
78	0	0	0	0	0	0	0	0	0	0	0	0	0	0	0	0	0	0
79	1	1	0	0	0	0	0	0	1	0	0	0	0	0	0	0	0	0
80	0	0	0	0	0	0	0	0	0	0	0	0	0	0	0	0	0	0
81	0	0	0	0	0	0	0	0	0	0	0	0	0	0	0	0	0	0
82	0	0	0	0	0	0	0	0	0	0	0	0	0	0	0	0	0	0
83	2	0	2	0	0	0	0	0	0	0	2	0	0	0	0	0	0	0
84	0	0	0	0	0	0	0	0	0	0	0	0	0	0	0	0	0	0
85	0	0	0	0	0	0	0	0	0	0	0	0	0	0	0	0	0	0
86	0	0	0	0	0	0	0	0	0	0	0	0	0	0	0	0	0	0
87	0	0	0	0	0	0	0	0	0	0	0	0	0	0	0	0	0	0
88	0	0	0	0	0	0	0	0	0	0	0	0	0	0	0	0	0	0
89	0	0	0	0	0	0	0	0	0	0	0	0	0	0	0	0	0	0
90	0	0	0	0	0	0	0	0	0	0	0	0	0	0	0	0	0	0
91	0	0	0	0	0	0	0	0	0	0	0	0	0	0	0	0	0	0
92	0	0	0	0	0	0	0	0	0	0	0	0	0	0	0	0	0	0
93	1	1	0	0	0	0	0	1	0	0	0	0	0	0	0	0	0	0
94	0	0	0	0	0	0	0	0	0	0	0	0	0	0	0	0	0	0
95	0	0	0	0	0	0	0	0	0	0	0	0	0	0	0	0	0	0
96	0	0	0	0	0	0	0	0	0	0	0	0	0	0	0	0	0	0
97	0	0	0	0	0	0	0	0	0	0	0	0	0	0	0	0	0	0
98	0	0	0	0	0	0	0	0	0	0	0	0	0	0	0	0	0	0
99	0	0	0	0	0	0	0	0	0	0	0	0	0	0	0	0	0	0
100	0	0	0	0	0	0	0	0	0	0	0	0	0	0	0	0	0	0
101	0	0	0	0	0	0	0	0	0	0	0	0	0	0	0	0	0	0
102	0	0	0	0	0	0	0	0	0	0	0	0	0	0	0	0	0	0
103	0	0	0	0	0	0	0	0	0	0	0	0	0	0	0	0	0	0
104	0	0	0	0	0	0	0	0	0	0	0	0	0	0	0	0	0	0
105	0	0	0	0	0	0	0	0	0	0	0	0	0	0	0	0	0	0
106	0	0	0	0	0	0	0	0	0	0	0	0	0	0	0	0	0	0
107	0	0	0	0	0	0	0	0	0	0	0	0	0	0	0	0	0	0
108	1	1	0	0	0	0	0	1	0	0	0	0	0	0	0	0	0	0
109	0	0	0	0	0	0	0	0	0	0	0	0	0	0	0	0	0	0
110	0	0	0	0	0	0	0	0	0	0	0	0	0	0	0	0	0	0
111	0	0	0	0	0	0	0	0	0	0	0	0	0	0	0	0	0	0
112	0	0	0	0	0	0	0	0	0	0	0	0	0	0	0	0	0	0
113	0	0	0	0	0	0	0	0	0	0	0	0	0	0	0	0	0	0
114	0	0	0	0	0	0	0	0	0	0	0	0	0	0	0	0	0	0
115	0	0	0	0	0	0	0	0	0	0	0	0	0	0	0	0	0	0
116	0	0	0	0	0	0	0	0	0	0	0	0	0	0	0	0	0	0
117	0	0	0	0	0	0	0	0	0	0	0	0	0	0	0	0	0	0
118	0	0	0	0	0	0	0	0	0	0	0	0	0	0	0	0	0	0
119	0	0	0	0	0	0	0	0	0	0	0	0	0	0	0	0	0	0
120	0	0	0	0	0	0	0	0	0	0	0	0	0	0	0	0	0	0
121	0	0	0	0	0	0	0	0	0	0	0	0	0	0	0	0	0	0
122	0	0	0	0	0	0	0	0	0	0	0	0	0	0	0	0	0	0
123	1	1	0	1	0	0	0	0	0	0	0	0	0	0	0	0	0	0
124	0	0	0	0	0	0	0	0	0	0	0	0	0	0	0	0	0	0
125	0	0	0	0	0	0	0	0	0	0	0	0	0	0	0	0	0	0
126	0	0	0	0	0	0	0	0	0	0	0	0	0	0	0	0	0	0
127	0	0	0	0	0	0	0	0	0	0	0	0	0	0	0	0	0	0
128	0	0	0	0	0	0	0	0	0	0	0	0	0	0	0	0	0	0
129	0	0	0	0	0	0	0	0	0	0	0	0	0	0	0	0	0	0
130	0	0	0	0	0	0	0	0	0	0	0	0	0	0	0	0	0	0
131	0	0	0	0	0	0	0	0	0	0	0	0	0	0	0	0	0	0
132	0	0	0	0	0	0	0	0	0	0	0	0	0	0	0	0	0	0
133	0	0	0	0	0	0	0	0	0	0	0	0	0	0	0	0	0	0
134	0	0	0	0	0	0	0	0	0	0	0	0	0	0	0	0	0	0
135	0	0	0	0	0	0	0	0	0	0	0	0	0	0	0	0	0	0
136	0	0	0	0	0	0	0	0	0	0	0	0	0	0	0	0	0	0
137	0	0	0	0	0	0	0	0	0	0	0	0	0	0	0	0	0	0
138	0	0	0	0	0	0	0	0	0	0	0	0	0	0	0	0	0	0
139	0	0	0	0	0	0	0	0	0	0	0	0	0	0	0	0	0	0
140	0	0	0	0	0	0	0	0	0	0	0	0	0	0	0	0	0	0
141	0	0	0	0	0	0	0	0	0	0	0	0	0	0	0	0	0	0
142	0	0	0	0	0	0	0	0	0	0	0	0	0	0	0	0	0	0
143	0	0	0	0	0	0	0	0	0	0	0	0	0	0	0	0	0	0
144	0	0	0	0	0	0	0	0	0	0	0	0	0	0	0	0	0	0
145	0	0	0	0	0	0	0	0	0	0	0	0	0	0	0	0	0	0
146	0	0	0	0	0	0	0	0	0	0	0	0	0	0	0	0	0	0
147	0	0	0	0	0	0	0	0	0	0	0	0	0	0	0	0	0	0
148	0	0	0	0	0	0	0	0	0	0	0	0	0	0	0	0	0	0
149	0	0	0	0	0	0	0	0	0	0	0	0	0	0	0	0	0	0
150	0	0	0	0	0	0	0	0	0	0	0	0	0	0	0	0	0	0
151	0	0	0	0	0	0	0	0	0	0	0	0	0	0	0	0	0	0
152	0	0	0	0	0	0	0	0	0	0	0	0	0	0	0	0	0	0
153	0	0	0	0	0	0	0	0	0	0	0	0	0	0	0	0	0	0
154	0	0	0	0	0	0	0	0	0	0	0	0	0	0	0	0	0	0
155	0	0	0	0	0	0	0	0	0	0	0	0	0	0	0	0	0	0
156	0	0	0	0	0	0	0	0	0	0	0	0	0	0	0	0	0	0
157	0	0	0	0	0	0	0	0	0	0	0	0	0	0	0	0	0	0
158	0	0	0	0	0	0	0	0	0	0	0	0	0	0	0	0	0	0
159	0	0	0	0	0	0	0	0	0	0	0	0	0	0	0	0	0	0
160	0	0	0	0	0	0	0	0	0	0	0	0	0	0	0	0	0	0
161	0	0	0	0	0	0	0	0	0	0	0	0	0	0	0	0	0	0
162	0	0	0	0	0	0	0	0	0	0	0	0	0	0	0	0	0	0
163	0	0	0	0	0	0	0	0	0	0	0	0	0	0	0	0	0	0
164	0	0	0	0	0	0	0	0	0	0	0	0	0	0	0	0	0	0
165	1	1	0	0	0	0	1	0	0	0	0	0	0	0	0	0	0	0